[[28, 46.892857142857146, 0, nan], [((0, 1), 0.0), [0, 0, 100], 60]]
[[90, 23.0, 0, nan], [((0, 1), 0.7853981633974483), [0, 0, 100], 60]]
[[27, 46.407407407407405, 0, nan], [((0, 1), 1.5707963267948966), [0, 0, 100], 60]]
[[89, 20.910112359550563, 0, nan], [((0, 1), 2.356194490192345), [0, 0, 100], 60]]
[[27, 45.111111111111114, 0, nan], [((0, 1), 3.141592653589793), [0, 0, 100], 60]]
[[91, 22.956043956043956, 0, nan], [((0, 1), 3.9269908169872414), [0, 0, 100], 60]]
[[31, 47.161290322580648, 0, nan], [((0, 1), 4.71238898038469), [0, 0, 100], 60]]
[[86, 24.488372093023255, 0, nan], [((0, 1), 5.497787143782138), [0, 0, 100], 60]]
[[30, 47.133333333333333, 0, nan], [((0, 2), 0.0), [0, 0, 100], 60]]
[[91, 22.098901098901099, 0, nan], [((0, 2), 0.7853981633974483), [0, 0, 100], 60]]
[[26, 47.115384615384613, 0, nan], [((0, 2), 1.5707963267948966), [0, 0, 100], 60]]
[[92, 22.032608695652176, 0, nan], [((0, 2), 2.356194490192345), [0, 0, 100], 60]]
[[28, 46.928571428571431, 0, nan], [((0, 2), 3.141592653589793), [0, 0, 100], 60]]
[[86, 21.767441860465116, 0, nan], [((0, 2), 3.9269908169872414), [0, 0, 100], 60]]
[[26, 45.807692307692307, 0, nan], [((0, 2), 4.71238898038469), [0, 0, 100], 60]]
[[88, 22.613636363636363, 0, nan], [((0, 2), 5.497787143782138), [0, 0, 100], 60]]
[[31, 46.70967741935484, 0, nan], [((0, 3), 0.0), [0, 0, 100], 60]]
[[92, 20.75, 0, nan], [((0, 3), 0.7853981633974483), [0, 0, 100], 60]]
[[28, 46.464285714285715, 0, nan], [((0, 3), 1.5707963267948966), [0, 0, 100], 60]]
[[90, 20.211111111111112, 0, nan], [((0, 3), 2.356194490192345), [0, 0, 100], 60]]
[[31, 46.096774193548384, 0, nan], [((0, 3), 3.141592653589793), [0, 0, 100], 60]]
[[91, 22.285714285714285, 0, nan], [((0, 3), 3.9269908169872414), [0, 0, 100], 60]]
[[30, 46.93333333333333, 0, nan], [((0, 3), 4.71238898038469), [0, 0, 100], 60]]
[[84, 20.571428571428573, 0, nan], [((0, 3), 5.497787143782138), [0, 0, 100], 60]]
[[34, 46.647058823529413, 0, nan], [((0, 4), 0.0), [0, 0, 100], 60]]
[[94, 21.829787234042552, 0, nan], [((0, 4), 0.7853981633974483), [0, 0, 100], 60]]
[[32, 44.9375, 0, nan], [((0, 4), 1.5707963267948966), [0, 0, 100], 60]]
[[90, 20.18888888888889, 0, nan], [((0, 4), 2.356194490192345), [0, 0, 100], 60]]
[[27, 46.407407407407405, 0, nan], [((0, 4), 3.141592653589793), [0, 0, 100], 60]]
[[90, 24.122222222222224, 0, nan], [((0, 4), 3.9269908169872414), [0, 0, 100], 60]]
[[28, 47.285714285714285, 0, nan], [((0, 4), 4.71238898038469), [0, 0, 100], 60]]
[[95, 24.168421052631579, 0, nan], [((0, 4), 5.497787143782138), [0, 0, 100], 60]]
[[32, 46.625, 0, nan], [((0, 5), 0.0), [0, 0, 100], 60]]
[[95, 19.705263157894738, 0, nan], [((0, 5), 0.7853981633974483), [0, 0, 100], 60]]
[[27, 45.407407407407405, 0, nan], [((0, 5), 1.5707963267948966), [0, 0, 100], 60]]
[[91, 20.549450549450551, 0, nan], [((0, 5), 2.356194490192345), [0, 0, 100], 60]]
[[32, 46.90625, 0, nan], [((0, 5), 3.141592653589793), [0, 0, 100], 60]]
[[89, 25.235955056179776, 0, nan], [((0, 5), 3.9269908169872414), [0, 0, 100], 60]]
[[23, 47.347826086956523, 0, nan], [((0, 5), 4.71238898038469), [0, 0, 100], 60]]
[[87, 24.609195402298852, 0, nan], [((0, 5), 5.497787143782138), [0, 0, 100], 60]]
[[28, 46.142857142857146, 0, nan], [((1, 1), 0.0), [0, 0, 100], 60]]
[[85, 21.411764705882351, 0, nan], [((1, 1), 0.7853981633974483), [0, 0, 100], 60]]
[[31, 46.451612903225808, 0, nan], [((1, 1), 1.5707963267948966), [0, 0, 100], 60]]
[[89, 20.348314606741575, 0, nan], [((1, 1), 2.356194490192345), [0, 0, 100], 60]]
[[24, 46.833333333333336, 0, nan], [((1, 1), 3.141592653589793), [0, 0, 100], 60]]
[[90, 22.711111111111112, 0, nan], [((1, 1), 3.9269908169872414), [0, 0, 100], 60]]
[[24, 45.666666666666664, 0, nan], [((1, 1), 4.71238898038469), [0, 0, 100], 60]]
[[85, 21.988235294117647, 0, nan], [((1, 1), 5.497787143782138), [0, 0, 100], 60]]
[[30, 46.133333333333333, 0, nan], [((1, 2), 0.0), [0, 0, 100], 60]]
[[93, 20.236559139784948, 0, nan], [((1, 2), 0.7853981633974483), [0, 0, 100], 60]]
[[27, 46.407407407407405, 0, nan], [((1, 2), 1.5707963267948966), [0, 0, 100], 60]]
[[88, 24.056818181818183, 0, nan], [((1, 2), 2.356194490192345), [0, 0, 100], 60]]
[[27, 46.25925925925926, 0, nan], [((1, 2), 3.141592653589793), [0, 0, 100], 60]]
[[88, 23.704545454545453, 0, nan], [((1, 2), 3.9269908169872414), [0, 0, 100], 60]]
[[37, 46.486486486486484, 0, nan], [((1, 2), 4.71238898038469), [0, 0, 100], 60]]
[[91, 23.824175824175825, 0, nan], [((1, 2), 5.497787143782138), [0, 0, 100], 60]]
[[39, 46.0, 0, nan], [((1, 3), 0.0), [0, 0, 100], 60]]
[[91, 20.637362637362639, 0, nan], [((1, 3), 0.7853981633974483), [0, 0, 100], 60]]
[[39, 45.564102564102562, 0, nan], [((1, 3), 1.5707963267948966), [0, 0, 100], 60]]
[[85, 20.176470588235293, 0, nan], [((1, 3), 2.356194490192345), [0, 0, 100], 60]]
[[30, 46.200000000000003, 0, nan], [((1, 3), 3.141592653589793), [0, 0, 100], 60]]
[[90, 24.31111111111111, 0, nan], [((1, 3), 3.9269908169872414), [0, 0, 100], 60]]
[[22, 46.18181818181818, 0, nan], [((1, 3), 4.71238898038469), [0, 0, 100], 60]]
[[87, 24.459770114942529, 0, nan], [((1, 3), 5.497787143782138), [0, 0, 100], 60]]
[[34, 45.235294117647058, 0, nan], [((1, 4), 0.0), [0, 0, 100], 60]]
[[93, 20.053763440860216, 0, nan], [((1, 4), 0.7853981633974483), [0, 0, 100], 60]]
[[24, 45.833333333333336, 0, nan], [((1, 4), 1.5707963267948966), [0, 0, 100], 60]]
[[91, 21.846153846153847, 0, nan], [((1, 4), 2.356194490192345), [0, 0, 100], 60]]
[[27, 46.518518518518519, 0, nan], [((1, 4), 3.141592653589793), [0, 0, 100], 60]]
[[89, 24.325842696629213, 0, nan], [((1, 4), 3.9269908169872414), [0, 0, 100], 60]]
[[33, 46.939393939393938, 0, nan], [((1, 4), 4.71238898038469), [0, 0, 100], 60]]
[[84, 21.976190476190474, 0, nan], [((1, 4), 5.497787143782138), [0, 0, 100], 60]]
[[30, 46.366666666666667, 0, nan], [((1, 5), 0.0), [0, 0, 100], 60]]
[[91, 20.692307692307693, 0, nan], [((1, 5), 0.7853981633974483), [0, 0, 100], 60]]
[[26, 45.0, 0, nan], [((1, 5), 1.5707963267948966), [0, 0, 100], 60]]
[[89, 20.95505617977528, 0, nan], [((1, 5), 2.356194490192345), [0, 0, 100], 60]]
[[28, 46.75, 0, nan], [((1, 5), 3.141592653589793), [0, 0, 100], 60]]
[[89, 25.662921348314608, 0, nan], [((1, 5), 3.9269908169872414), [0, 0, 100], 60]]
[[25, 48.159999999999997, 0, nan], [((1, 5), 4.71238898038469), [0, 0, 100], 60]]
[[86, 24.790697674418606, 0, nan], [((1, 5), 5.497787143782138), [0, 0, 100], 60]]
[[29, 45.482758620689658, 0, nan], [((2, 2), 0.0), [0, 0, 100], 60]]
[[93, 21.870967741935484, 0, nan], [((2, 2), 0.7853981633974483), [0, 0, 100], 60]]
[[26, 46.115384615384613, 0, nan], [((2, 2), 1.5707963267948966), [0, 0, 100], 60]]
[[90, 22.422222222222221, 0, nan], [((2, 2), 2.356194490192345), [0, 0, 100], 60]]
[[32, 47.4375, 0, nan], [((2, 2), 3.141592653589793), [0, 0, 100], 60]]
[[94, 23.606382978723403, 0, nan], [((2, 2), 3.9269908169872414), [0, 0, 100], 60]]
[[27, 47.074074074074076, 0, nan], [((2, 2), 4.71238898038469), [0, 0, 100], 60]]
[[90, 23.088888888888889, 0, nan], [((2, 2), 5.497787143782138), [0, 0, 100], 60]]
[[27, 46.0, 0, nan], [((2, 3), 0.0), [0, 0, 100], 60]]
[[94, 22.021276595744681, 0, nan], [((2, 3), 0.7853981633974483), [0, 0, 100], 60]]
[[28, 46.357142857142854, 0, nan], [((2, 3), 1.5707963267948966), [0, 0, 100], 60]]
[[88, 23.75, 0, nan], [((2, 3), 2.356194490192345), [0, 0, 100], 60]]
[[29, 47.206896551724135, 0, nan], [((2, 3), 3.141592653589793), [0, 0, 100], 60]]
[[85, 23.988235294117647, 0, nan], [((2, 3), 3.9269908169872414), [0, 0, 100], 60]]
[[30, 46.166666666666664, 0, nan], [((2, 3), 4.71238898038469), [0, 0, 100], 60]]
[[85, 22.141176470588235, 0, nan], [((2, 3), 5.497787143782138), [0, 0, 100], 60]]
[[32, 46.6875, 0, nan], [((2, 4), 0.0), [0, 0, 100], 60]]
[[91, 21.010989010989011, 0, nan], [((2, 4), 0.7853981633974483), [0, 0, 100], 60]]
[[28, 45.964285714285715, 0, nan], [((2, 4), 1.5707963267948966), [0, 0, 100], 60]]
[[96, 21.59375, 0, nan], [((2, 4), 2.356194490192345), [0, 0, 100], 60]]
[[24, 46.291666666666664, 0, nan], [((2, 4), 3.141592653589793), [0, 0, 100], 60]]
[[94, 23.5, 0, nan], [((2, 4), 3.9269908169872414), [0, 0, 100], 60]]
[[27, 46.444444444444443, 0, nan], [((2, 4), 4.71238898038469), [0, 0, 100], 60]]
[[89, 24.370786516853933, 0, nan], [((2, 4), 5.497787143782138), [0, 0, 100], 60]]
[[24, 45.791666666666664, 0, nan], [((2, 5), 0.0), [0, 0, 100], 60]]
[[89, 19.393258426966291, 0, nan], [((2, 5), 0.7853981633974483), [0, 0, 100], 60]]
[[27, 45.370370370370374, 0, nan], [((2, 5), 1.5707963267948966), [0, 0, 100], 60]]
[[95, 22.684210526315791, 0, nan], [((2, 5), 2.356194490192345), [0, 0, 100], 60]]
[[33, 46.969696969696969, 0, nan], [((2, 5), 3.141592653589793), [0, 0, 100], 60]]
[[93, 24.344086021505376, 0, nan], [((2, 5), 3.9269908169872414), [0, 0, 100], 60]]
[[26, 47.346153846153847, 0, nan], [((2, 5), 4.71238898038469), [0, 0, 100], 60]]
[[88, 24.306818181818183, 0, nan], [((2, 5), 5.497787143782138), [0, 0, 100], 60]]
[[25, 45.520000000000003, 0, nan], [((3, 3), 0.0), [0, 0, 100], 60]]
[[88, 18.443181818181817, 0, nan], [((3, 3), 0.7853981633974483), [0, 0, 100], 60]]
[[20, 46.600000000000001, 0, nan], [((3, 3), 1.5707963267948966), [0, 0, 100], 60]]
[[85, 23.164705882352941, 0, nan], [((3, 3), 2.356194490192345), [0, 0, 100], 60]]
[[19, 45.05263157894737, 0, nan], [((3, 3), 3.141592653589793), [0, 0, 100], 60]]
[[87, 25.954022988505749, 0, nan], [((3, 3), 3.9269908169872414), [0, 0, 100], 60]]
[[29, 46.482758620689658, 0, nan], [((3, 3), 4.71238898038469), [0, 0, 100], 60]]
[[93, 24.225806451612904, 0, nan], [((3, 3), 5.497787143782138), [0, 0, 100], 60]]
[[30, 45.233333333333334, 0, nan], [((3, 4), 0.0), [0, 0, 100], 60]]
[[93, 18.612903225806452, 0, nan], [((3, 4), 0.7853981633974483), [0, 0, 100], 60]]
[[27, 46.370370370370374, 0, nan], [((3, 4), 1.5707963267948966), [0, 0, 100], 60]]
[[90, 21.522222222222222, 0, nan], [((3, 4), 2.356194490192345), [0, 0, 100], 60]]
[[30, 47.833333333333336, 0, nan], [((3, 4), 3.141592653589793), [0, 0, 100], 60]]
[[85, 24.517647058823531, 0, nan], [((3, 4), 3.9269908169872414), [0, 0, 100], 60]]
[[26, 46.92307692307692, 0, nan], [((3, 4), 4.71238898038469), [0, 0, 100], 60]]
[[92, 22.543478260869566, 0, nan], [((3, 4), 5.497787143782138), [0, 0, 100], 60]]
[[29, 45.448275862068968, 0, nan], [((3, 5), 0.0), [0, 0, 100], 60]]
[[95, 17.86315789473684, 0, nan], [((3, 5), 0.7853981633974483), [0, 0, 100], 60]]
[[16, 45.0625, 0, nan], [((3, 5), 1.5707963267948966), [0, 0, 100], 60]]
[[85, 21.08235294117647, 0, nan], [((3, 5), 2.356194490192345), [0, 0, 100], 60]]
[[27, 46.925925925925924, 0, nan], [((3, 5), 3.141592653589793), [0, 0, 100], 60]]
[[86, 24.186046511627907, 0, nan], [((3, 5), 3.9269908169872414), [0, 0, 100], 60]]
[[28, 48.25, 0, nan], [((3, 5), 4.71238898038469), [0, 0, 100], 60]]
[[89, 25.04494382022472, 0, nan], [((3, 5), 5.497787143782138), [0, 0, 100], 60]]
[[21, 46.523809523809526, 0, nan], [((4, 4), 0.0), [0, 0, 100], 60]]
[[94, 18.329787234042552, 0, nan], [((4, 4), 0.7853981633974483), [0, 0, 100], 60]]
[[31, 46.096774193548384, 0, nan], [((4, 4), 1.5707963267948966), [0, 0, 100], 60]]
[[89, 27.168539325842698, 0, nan], [((4, 4), 2.356194490192345), [0, 0, 100], 60]]
[[31, 46.387096774193552, 0, nan], [((4, 4), 3.141592653589793), [0, 0, 100], 60]]
[[88, 24.477272727272727, 0, nan], [((4, 4), 3.9269908169872414), [0, 0, 100], 60]]
[[32, 47.15625, 0, nan], [((4, 4), 4.71238898038469), [0, 0, 100], 60]]
[[91, 24.318681318681318, 0, nan], [((4, 4), 5.497787143782138), [0, 0, 100], 60]]
[[28, 46.035714285714285, 0, nan], [((4, 5), 0.0), [0, 0, 100], 60]]
[[91, 18.164835164835164, 0, nan], [((4, 5), 0.7853981633974483), [0, 0, 100], 60]]
[[24, 45.916666666666664, 0, nan], [((4, 5), 1.5707963267948966), [0, 0, 100], 60]]
[[91, 24.87912087912088, 0, nan], [((4, 5), 2.356194490192345), [0, 0, 100], 60]]
[[33, 46.969696969696969, 0, nan], [((4, 5), 3.141592653589793), [0, 0, 100], 60]]
[[84, 24.964285714285715, 0, nan], [((4, 5), 3.9269908169872414), [0, 0, 100], 60]]
[[33, 47.757575757575758, 0, nan], [((4, 5), 4.71238898038469), [0, 0, 100], 60]]
[[84, 23.452380952380953, 0, nan], [((4, 5), 5.497787143782138), [0, 0, 100], 60]]
[[24, 45.166666666666664, 0, nan], [((5, 5), 0.0), [0, 0, 100], 60]]
[[97, 18.47422680412371, 0, nan], [((5, 5), 0.7853981633974483), [0, 0, 100], 60]]
[[33, 44.636363636363633, 0, nan], [((5, 5), 1.5707963267948966), [0, 0, 100], 60]]
[[88, 22.681818181818183, 0, nan], [((5, 5), 2.356194490192345), [0, 0, 100], 60]]
[[33, 48.393939393939391, 0, nan], [((5, 5), 3.141592653589793), [0, 0, 100], 60]]
[[86, 25.348837209302324, 0, nan], [((5, 5), 3.9269908169872414), [0, 0, 100], 60]]
[[29, 45.344827586206897, 0, nan], [((5, 5), 4.71238898038469), [0, 0, 100], 60]]
[[89, 25.921348314606742, 0, nan], [((5, 5), 5.497787143782138), [0, 0, 100], 60]]
