[[0, nan, 0, nan], [((0, 1), 0.0), [0, 100, 0], 60]]
[[0, nan, 0, nan], [((0, 1), 0.7853981633974483), [0, 100, 0], 60]]
[[0, nan, 0, nan], [((0, 1), 1.5707963267948966), [0, 100, 0], 60]]
[[0, nan, 0, nan], [((0, 1), 2.356194490192345), [0, 100, 0], 60]]
[[0, nan, 0, nan], [((0, 1), 3.141592653589793), [0, 100, 0], 60]]
[[0, nan, 0, nan], [((0, 1), 3.9269908169872414), [0, 100, 0], 60]]
[[0, nan, 0, nan], [((0, 1), 4.71238898038469), [0, 100, 0], 60]]
[[0, nan, 0, nan], [((0, 1), 5.497787143782138), [0, 100, 0], 60]]
[[93, 3.0, 7, 16.285714285714285], [((0, 2), 0.0), [0, 100, 0], 60]]
[[39, 15.820512820512821, 61, 15.229508196721312], [((0, 2), 0.7853981633974483), [0, 100, 0], 60]]
[[31, 16.70967741935484, 67, 11.955223880597014], [((0, 2), 1.5707963267948966), [0, 100, 0], 60]]
[[14, 22.285714285714285, 85, 7.3058823529411763], [((0, 2), 2.356194490192345), [0, 100, 0], 60]]
[[100, 3.7599999999999998, 0, nan], [((0, 2), 3.141592653589793), [0, 100, 0], 60]]
[[55, 14.709090909090909, 45, 19.244444444444444], [((0, 2), 3.9269908169872414), [0, 100, 0], 60]]
[[98, 2.0612244897959182, 2, 28.0], [((0, 2), 4.71238898038469), [0, 100, 0], 60]]
[[49, 13.673469387755102, 51, 12.372549019607844], [((0, 2), 5.497787143782138), [0, 100, 0], 60]]
[[65, 3.1230769230769231, 35, 19.942857142857143], [((0, 3), 0.0), [0, 100, 0], 60]]
[[48, 15.375, 52, 19.76923076923077], [((0, 3), 0.7853981633974483), [0, 100, 0], 60]]
[[12, 18.0, 88, 7.4659090909090908], [((0, 3), 1.5707963267948966), [0, 100, 0], 60]]
[[31, 18.741935483870968, 67, 7.5970149253731343], [((0, 3), 2.356194490192345), [0, 100, 0], 60]]
[[68, 3.3529411764705883, 32, 26.625], [((0, 3), 3.141592653589793), [0, 100, 0], 60]]
[[64, 6.703125, 36, 21.194444444444443], [((0, 3), 3.9269908169872414), [0, 100, 0], 60]]
[[58, 3.0, 42, 14.19047619047619], [((0, 3), 4.71238898038469), [0, 100, 0], 60]]
[[53, 5.6792452830188678, 47, 22.276595744680851], [((0, 3), 5.497787143782138), [0, 100, 0], 60]]
[[83, 3.9759036144578315, 17, 19.941176470588236], [((0, 4), 0.0), [0, 100, 0], 60]]
[[49, 14.73469387755102, 51, 21.96078431372549], [((0, 4), 0.7853981633974483), [0, 100, 0], 60]]
[[14, 23.5, 86, 6.058139534883721], [((0, 4), 1.5707963267948966), [0, 100, 0], 60]]
[[40, 15.75, 59, 12.949152542372881], [((0, 4), 2.356194490192345), [0, 100, 0], 60]]
[[76, 3.986842105263158, 24, 22.041666666666668], [((0, 4), 3.141592653589793), [0, 100, 0], 60]]
[[50, 9.1400000000000006, 50, 19.02], [((0, 4), 3.9269908169872414), [0, 100, 0], 60]]
[[76, 3.3947368421052633, 24, 21.041666666666668], [((0, 4), 4.71238898038469), [0, 100, 0], 60]]
[[69, 4.4927536231884062, 31, 27.129032258064516], [((0, 4), 5.497787143782138), [0, 100, 0], 60]]
[[69, 4.36231884057971, 31, 19.677419354838708], [((0, 5), 0.0), [0, 100, 0], 60]]
[[57, 18.07017543859649, 41, 24.512195121951219], [((0, 5), 0.7853981633974483), [0, 100, 0], 60]]
[[0, nan, 100, 5.2000000000000002], [((0, 5), 1.5707963267948966), [0, 100, 0], 60]]
[[47, 15.702127659574469, 52, 16.076923076923077], [((0, 5), 2.356194490192345), [0, 100, 0], 60]]
[[67, 4.1194029850746272, 33, 14.727272727272727], [((0, 5), 3.141592653589793), [0, 100, 0], 60]]
[[49, 13.26530612244898, 51, 21.470588235294116], [((0, 5), 3.9269908169872414), [0, 100, 0], 60]]
[[64, 4.390625, 36, 22.861111111111111], [((0, 5), 4.71238898038469), [0, 100, 0], 60]]
[[56, 5.5892857142857144, 44, 28.386363636363637], [((0, 5), 5.497787143782138), [0, 100, 0], 60]]
[[42, 14.214285714285714, 58, 17.982758620689655], [((1, 1), 0.0), [0, 100, 0], 60]]
[[33, 20.969696969696969, 65, 9.184615384615384], [((1, 1), 0.7853981633974483), [0, 100, 0], 60]]
[[49, 13.306122448979592, 51, 16.235294117647058], [((1, 1), 1.5707963267948966), [0, 100, 0], 60]]
[[45, 15.577777777777778, 55, 16.836363636363636], [((1, 1), 2.356194490192345), [0, 100, 0], 60]]
[[94, 2.3297872340425534, 6, 9.0], [((1, 1), 3.141592653589793), [0, 100, 0], 60]]
[[100, 3.2400000000000002, 0, nan], [((1, 1), 3.9269908169872414), [0, 100, 0], 60]]
[[95, 2.0, 5, 11.199999999999999], [((1, 1), 4.71238898038469), [0, 100, 0], 60]]
[[60, 21.633333333333333, 40, 15.199999999999999], [((1, 1), 5.497787143782138), [0, 100, 0], 60]]
[[82, 3.8048780487804876, 18, 26.055555555555557], [((1, 2), 0.0), [0, 100, 0], 60]]
[[21, 20.38095238095238, 79, 8.3670886075949369], [((1, 2), 0.7853981633974483), [0, 100, 0], 60]]
[[40, 17.100000000000001, 58, 11.275862068965518], [((1, 2), 1.5707963267948966), [0, 100, 0], 60]]
[[41, 17.0, 58, 12.724137931034482], [((1, 2), 2.356194490192345), [0, 100, 0], 60]]
[[97, 2.5567010309278349, 3, 23.666666666666668], [((1, 2), 3.141592653589793), [0, 100, 0], 60]]
[[93, 3.021505376344086, 7, 8.8571428571428577], [((1, 2), 3.9269908169872414), [0, 100, 0], 60]]
[[99, 2.8686868686868685, 1, 8.0], [((1, 2), 4.71238898038469), [0, 100, 0], 60]]
[[50, 15.0, 50, 22.120000000000001], [((1, 2), 5.497787143782138), [0, 100, 0], 60]]
[[57, 8.0877192982456148, 43, 29.767441860465116], [((1, 3), 0.0), [0, 100, 0], 60]]
[[29, 21.03448275862069, 71, 8.52112676056338], [((1, 3), 0.7853981633974483), [0, 100, 0], 60]]
[[28, 20.928571428571427, 70, 7.7142857142857144], [((1, 3), 1.5707963267948966), [0, 100, 0], 60]]
[[53, 13.754716981132075, 47, 16.382978723404257], [((1, 3), 2.356194490192345), [0, 100, 0], 60]]
[[96, 3.0, 4, 16.5], [((1, 3), 3.141592653589793), [0, 100, 0], 60]]
[[53, 8.6037735849056602, 47, 20.74468085106383], [((1, 3), 3.9269908169872414), [0, 100, 0], 60]]
[[95, 3.0526315789473686, 5, 13.800000000000001], [((1, 3), 4.71238898038469), [0, 100, 0], 60]]
[[59, 6.6949152542372881, 41, 26.170731707317074], [((1, 3), 5.497787143782138), [0, 100, 0], 60]]
[[88, 6.3181818181818183, 12, 21.166666666666668], [((1, 4), 0.0), [0, 100, 0], 60]]
[[41, 19.365853658536587, 58, 10.637931034482758], [((1, 4), 0.7853981633974483), [0, 100, 0], 60]]
[[7, 15.142857142857142, 93, 5.903225806451613], [((1, 4), 1.5707963267948966), [0, 100, 0], 60]]
[[52, 13.75, 48, 23.979166666666668], [((1, 4), 2.356194490192345), [0, 100, 0], 60]]
[[59, 3.8135593220338984, 41, 23.609756097560975], [((1, 4), 3.141592653589793), [0, 100, 0], 60]]
[[54, 12.518518518518519, 46, 27.217391304347824], [((1, 4), 3.9269908169872414), [0, 100, 0], 60]]
[[82, 3.3902439024390243, 18, 21.5], [((1, 4), 4.71238898038469), [0, 100, 0], 60]]
[[54, 11.907407407407407, 46, 24.478260869565219], [((1, 4), 5.497787143782138), [0, 100, 0], 60]]
[[53, 5.7735849056603774, 47, 20.361702127659573], [((1, 5), 0.0), [0, 100, 0], 60]]
[[48, 15.8125, 51, 14.352941176470589], [((1, 5), 0.7853981633974483), [0, 100, 0], 60]]
[[5, 22.399999999999999, 95, 5.1578947368421053], [((1, 5), 1.5707963267948966), [0, 100, 0], 60]]
[[53, 15.547169811320755, 47, 24.297872340425531], [((1, 5), 2.356194490192345), [0, 100, 0], 60]]
[[71, 4.028169014084507, 29, 25.448275862068964], [((1, 5), 3.141592653589793), [0, 100, 0], 60]]
[[56, 15.017857142857142, 44, 21.75], [((1, 5), 3.9269908169872414), [0, 100, 0], 60]]
[[89, 6.415730337078652, 11, 25.272727272727273], [((1, 5), 4.71238898038469), [0, 100, 0], 60]]
[[57, 6.7719298245614032, 43, 23.488372093023255], [((1, 5), 5.497787143782138), [0, 100, 0], 60]]
[[63, 8.7619047619047628, 37, 28.756756756756758], [((2, 2), 0.0), [0, 100, 0], 60]]
[[4, 23.75, 96, 6.708333333333333], [((2, 2), 0.7853981633974483), [0, 100, 0], 60]]
[[53, 9.8679245283018862, 47, 30.425531914893618], [((2, 2), 1.5707963267948966), [0, 100, 0], 60]]
[[56, 14.535714285714286, 44, 25.772727272727273], [((2, 2), 2.356194490192345), [0, 100, 0], 60]]
[[86, 3.0116279069767442, 14, 17.0], [((2, 2), 3.141592653589793), [0, 100, 0], 60]]
[[100, 3.0, 0, nan], [((2, 2), 3.9269908169872414), [0, 100, 0], 60]]
[[90, 3.0333333333333332, 10, 19.5], [((2, 2), 4.71238898038469), [0, 100, 0], 60]]
[[49, 14.469387755102041, 50, 26.879999999999999], [((2, 2), 5.497787143782138), [0, 100, 0], 60]]
[[56, 6.7857142857142856, 44, 31.136363636363637], [((2, 3), 0.0), [0, 100, 0], 60]]
[[8, 22.75, 92, 6.4565217391304346], [((2, 3), 0.7853981633974483), [0, 100, 0], 60]]
[[60, 8.8000000000000007, 40, 24.699999999999999], [((2, 3), 1.5707963267948966), [0, 100, 0], 60]]
[[75, 17.16, 23, 14.913043478260869], [((2, 3), 2.356194490192345), [0, 100, 0], 60]]
[[90, 3.0333333333333332, 10, 12.199999999999999], [((2, 3), 3.141592653589793), [0, 100, 0], 60]]
[[80, 3.1124999999999998, 20, 22.050000000000001], [((2, 3), 3.9269908169872414), [0, 100, 0], 60]]
[[96, 3.0104166666666665, 4, 28.5], [((2, 3), 4.71238898038469), [0, 100, 0], 60]]
[[58, 6.1724137931034484, 42, 28.785714285714285], [((2, 3), 5.497787143782138), [0, 100, 0], 60]]
[[74, 5.1486486486486482, 26, 24.076923076923077], [((2, 4), 0.0), [0, 100, 0], 60]]
[[16, 20.625, 84, 5.833333333333333], [((2, 4), 0.7853981633974483), [0, 100, 0], 60]]
[[47, 16.085106382978722, 52, 16.634615384615383], [((2, 4), 1.5707963267948966), [0, 100, 0], 60]]
[[56, 9.2142857142857135, 44, 26.59090909090909], [((2, 4), 2.356194490192345), [0, 100, 0], 60]]
[[46, 5.5652173913043477, 54, 19.925925925925927], [((2, 4), 3.141592653589793), [0, 100, 0], 60]]
[[54, 15.203703703703704, 46, 22.043478260869566], [((2, 4), 3.9269908169872414), [0, 100, 0], 60]]
[[89, 3.9325842696629212, 11, 20.454545454545453], [((2, 4), 4.71238898038469), [0, 100, 0], 60]]
[[63, 6.2857142857142856, 37, 26.486486486486488], [((2, 4), 5.497787143782138), [0, 100, 0], 60]]
[[55, 6.127272727272727, 45, 22.666666666666668], [((2, 5), 0.0), [0, 100, 0], 60]]
[[6, 20.166666666666668, 94, 5.5319148936170217], [((2, 5), 0.7853981633974483), [0, 100, 0], 60]]
[[35, 15.885714285714286, 65, 11.169230769230769], [((2, 5), 1.5707963267948966), [0, 100, 0], 60]]
[[53, 15.226415094339623, 45, 27.133333333333333], [((2, 5), 2.356194490192345), [0, 100, 0], 60]]
[[87, 5.6551724137931032, 13, 14.846153846153847], [((2, 5), 3.141592653589793), [0, 100, 0], 60]]
[[51, 13.215686274509803, 48, 28.5625], [((2, 5), 3.9269908169872414), [0, 100, 0], 60]]
[[85, 4.2705882352941176, 15, 22.800000000000001], [((2, 5), 4.71238898038469), [0, 100, 0], 60]]
[[54, 10.722222222222221, 46, 25.478260869565219], [((2, 5), 5.497787143782138), [0, 100, 0], 60]]
[[69, 7.27536231884058, 31, 24.548387096774192], [((3, 3), 0.0), [0, 100, 0], 60]]
[[2, 29.0, 98, 5.1938775510204085], [((3, 3), 0.7853981633974483), [0, 100, 0], 60]]
[[61, 6.721311475409836, 39, 23.76923076923077], [((3, 3), 1.5707963267948966), [0, 100, 0], 60]]
[[88, 9.5340909090909083, 11, 18.636363636363637], [((3, 3), 2.356194490192345), [0, 100, 0], 60]]
[[56, 3.875, 44, 23.181818181818183], [((3, 3), 3.141592653589793), [0, 100, 0], 60]]
[[97, 3.6597938144329896, 3, 22.333333333333332], [((3, 3), 3.9269908169872414), [0, 100, 0], 60]]
[[52, 4.3076923076923075, 48, 23.895833333333332], [((3, 3), 4.71238898038469), [0, 100, 0], 60]]
[[61, 5.8688524590163933, 39, 29.179487179487179], [((3, 3), 5.497787143782138), [0, 100, 0], 60]]
[[57, 5.7543859649122808, 43, 23.348837209302324], [((3, 4), 0.0), [0, 100, 0], 60]]
[[7, 26.571428571428573, 93, 5.67741935483871], [((3, 4), 0.7853981633974483), [0, 100, 0], 60]]
[[48, 12.333333333333334, 50, 27.82], [((3, 4), 1.5707963267948966), [0, 100, 0], 60]]
[[55, 7.0181818181818185, 45, 29.444444444444443], [((3, 4), 2.356194490192345), [0, 100, 0], 60]]
[[77, 4.0, 23, 21.0], [((3, 4), 3.141592653589793), [0, 100, 0], 60]]
[[56, 8.3571428571428577, 44, 25.5], [((3, 4), 3.9269908169872414), [0, 100, 0], 60]]
[[76, 4.0, 24, 18.291666666666668], [((3, 4), 4.71238898038469), [0, 100, 0], 60]]
[[43, 10.627906976744185, 55, 16.636363636363637], [((3, 4), 5.497787143782138), [0, 100, 0], 60]]
[[61, 13.557377049180328, 39, 21.871794871794872], [((3, 5), 0.0), [0, 100, 0], 60]]
[[7, 25.142857142857142, 93, 5.139784946236559], [((3, 5), 0.7853981633974483), [0, 100, 0], 60]]
[[55, 15.090909090909092, 45, 24.222222222222221], [((3, 5), 1.5707963267948966), [0, 100, 0], 60]]
[[55, 12.054545454545455, 45, 26.444444444444443], [((3, 5), 2.356194490192345), [0, 100, 0], 60]]
[[81, 7.2222222222222223, 19, 13.947368421052632], [((3, 5), 3.141592653589793), [0, 100, 0], 60]]
[[55, 11.6, 45, 25.933333333333334], [((3, 5), 3.9269908169872414), [0, 100, 0], 60]]
[[69, 4.1884057971014492, 31, 25.516129032258064], [((3, 5), 4.71238898038469), [0, 100, 0], 60]]
[[53, 11.339622641509434, 47, 25.0], [((3, 5), 5.497787143782138), [0, 100, 0], 60]]
[[52, 9.4423076923076916, 48, 25.5625], [((4, 4), 0.0), [0, 100, 0], 60]]
[[1, 31.0, 99, 4.4141414141414144], [((4, 4), 0.7853981633974483), [0, 100, 0], 60]]
[[50, 8.3200000000000003, 50, 26.920000000000002], [((4, 4), 1.5707963267948966), [0, 100, 0], 60]]
[[47, 10.638297872340425, 53, 24.79245283018868], [((4, 4), 2.356194490192345), [0, 100, 0], 60]]
[[63, 4.1746031746031749, 37, 22.756756756756758], [((4, 4), 3.141592653589793), [0, 100, 0], 60]]
[[75, 4.1866666666666665, 25, 22.640000000000001], [((4, 4), 3.9269908169872414), [0, 100, 0], 60]]
[[67, 4.0, 33, 22.666666666666668], [((4, 4), 4.71238898038469), [0, 100, 0], 60]]
[[50, 12.1, 50, 22.0], [((4, 4), 5.497787143782138), [0, 100, 0], 60]]
[[54, 9.0555555555555554, 46, 28.108695652173914], [((4, 5), 0.0), [0, 100, 0], 60]]
[[0, nan, 100, 4.0199999999999996], [((4, 5), 0.7853981633974483), [0, 100, 0], 60]]
[[55, 14.181818181818182, 45, 30.244444444444444], [((4, 5), 1.5707963267948966), [0, 100, 0], 60]]
[[48, 11.145833333333334, 52, 25.942307692307693], [((4, 5), 2.356194490192345), [0, 100, 0], 60]]
[[58, 9.3965517241379306, 42, 24.214285714285715], [((4, 5), 3.141592653589793), [0, 100, 0], 60]]
[[57, 7.2982456140350873, 43, 26.674418604651162], [((4, 5), 3.9269908169872414), [0, 100, 0], 60]]
[[58, 7.4137931034482758, 42, 27.023809523809526], [((4, 5), 4.71238898038469), [0, 100, 0], 60]]
[[55, 11.636363636363637, 45, 28.266666666666666], [((4, 5), 5.497787143782138), [0, 100, 0], 60]]
[[59, 11.254237288135593, 41, 30.658536585365855], [((5, 5), 0.0), [0, 100, 0], 60]]
[[0, nan, 100, 4.0], [((5, 5), 0.7853981633974483), [0, 100, 0], 60]]
[[61, 10.573770491803279, 39, 28.564102564102566], [((5, 5), 1.5707963267948966), [0, 100, 0], 60]]
[[55, 13.290909090909091, 45, 28.266666666666666], [((5, 5), 2.356194490192345), [0, 100, 0], 60]]
[[65, 5.2000000000000002, 35, 22.742857142857144], [((5, 5), 3.141592653589793), [0, 100, 0], 60]]
[[72, 5.3055555555555554, 28, 29.5], [((5, 5), 3.9269908169872414), [0, 100, 0], 60]]
[[56, 5.625, 44, 28.15909090909091], [((5, 5), 4.71238898038469), [0, 100, 0], 60]]
[[58, 14.017241379310345, 42, 33.738095238095241], [((5, 5), 5.497787143782138), [0, 100, 0], 60]]
